99
4 63
96 37
6 29
92 50
97 45
34 17
74 38
93 97
90 70
78 4
51 94
71 29
0 23
68 68
87 100
40 15
36 5
56 61
85 47
0 61
92 0
44 59
5 28
72 71
54 1
55 70
9 37
69 6
93 61
21 26
49 27
52 52
31 8
28 34
14 13
95 71
86 98
7 42
12 19
91 91
20 24
32 71
20 77
31 49
14 90
37 46
76 56
77 69
77 37
53 54
10 50
85 91
50 11
93 70
38 2
64 2
38 74
26 58
13 84
2 20
55 88
60 29
42 35
21 98
46 43
0 61
44 69
35 82
47 23
80 31
27 12
44 92
95 83
56 50
15 45
62 83
93 68
96 79
3 20
36 89
98 56
92 13
72 59
56 12
24 29
8 65
27 23
67 95
29 10
10 37
64 19
89 92
11 52
25 34
73 74
48 7
72 45
94 44
25 74